              precision    recall  f1-score   support

       akiec     0.5424    0.4923    0.5161        65
         bcc     0.8158    0.6200    0.7045       100
         bkl     0.5508    0.6500    0.5963       100
          df     0.5217    0.5217    0.5217        23
         mel     0.5351    0.6100    0.5701       100
          nv     0.7872    0.7400    0.7629       100
        vasc     0.7812    0.8929    0.8333        28

    accuracy                         0.6415       516
   macro avg     0.6478    0.6467    0.6436       516
weighted avg     0.6551    0.6415    0.6439       516
